PERMX
6.039552984
4.777369112
34.2867849
7.073673961
8.101101175
7.298727369
1.673774072
1.599341529
1.235402713
0.214299652
0.527580404
10.39058388
97.86020689
219.3261738
120.923728
27.68304135
768.6148509
84.95400565
33.79929688
1.111518391
0.770465809
2.203242194
0.190000229
0.161702023
0.775434315
0.087810868
7.369353634
91.6896954
71.99523959
28.73023349
5.498305754
30.15407284
99.98298285
38.56017469
10.29254658
2.195067944
0.488706096
1.655329363
0.362638068
0.083693832
0.48012538
10.22412374
124.7111172
264.8887695
62.35288861
3.762373469
32.34760551
388.0095683
88.18086594
82.60746073
4.074630224
2.920719529
1.107575066
0.385377464
0.479284937
7.929420848
10.5795194
112.9945966
127.9398204
47.66131202
4.79009383
72.28741156
44.11765313
42.11188479
45.67951738
43.58094441
36.69498143
8.802977354
1.571051279
5.192316829
4.048069092
10.75015314
357.9989309
107.3838717
90.33364659
5.949754749
8.800424861
33.83006824
65.4908213
25.73263421
60.82616246
2.368715914
3.421708542
6.048498141
10.56133827
5.190084612
10.0035497
29.0904517
14.74508785
180.1716486
30.60061173
18.33900111
21.97312246
73.02997695
12.80864073
3.449329968
3.491250565
5.215995699
4.022163734
1.09658302
1.755733995
1.058916695
0.313304412
9.5226198
21.87490304
5.887373659
0.576847122
2.136139013
0.961964049
0.819191828
31.23783436
0.267667431
1.421908524
0.841790591
0.887885043
0.15548749
0.044669694
1.122995872
30.55963437
23.56423273
3.025964852
1.97462005
0.707907389
0.107729696
0.242779902
0.111627259
0.921840928
1.154586187
2.128837381
2.09107858
1.13881244
0.904609428
3.07633822
62.5721318
9.984960391
1.294360823
0.920410236
0.063338622
0.612077727
0.269033331
0.077961513
8.974883915
20.98630328
11.92730131
8.673479182
8.220244885
8.137719654
23.26150853
28.05789348
10.60091163
0.267079209
0.266996428
0.506350076
2.650411736
2.670722406
0.725242643
36.2558229
54.84933156
21.40897015
186.1513402
6.387097884
2.641106611
1.006515152
7.50965856
15.46872123
0.410126758
0.674662981
2.623029638
2.071841862
0.459694105
1.915353115
7.07707014
68.71723217
198.4327
51.09568238
84.95655431
14.55464228
6.058425816
4.271093998
12.23829537
0.835243483
3.451538246
1.8645132
1.095350715
0.386115396
5.962023876
66.34311583
92.85136604
95.57870078
192.7241708
169.6334614
45.77188326
1.509834436
2.114177821
8.963851594
2.895419484
16.67232235
3.775678116
0.673057846
0.669573725
1.299682495
5.411682269
28.45062134
400.2302474
65.44695715
155.376313
34.81853988
15.64169335
7.590215624
1.043769834
0.483124932
38.92473851
9.200979999
5.498140807
2.24201945
3.254406747
1.300960711
1.996931994
63.46572523
98.72122807
231.5532804
307.5476394
5.248592786
1.525156458
0.576866159
/